2022 190
NOAA 15                 
1 25338U 98030A   22190.16916417  .00000126  00000+0  70805-4 0  9992
2 25338  98.6425 219.4194 0009456 229.9043 130.1309 14.26147452256365
DMSP 5D-3 F15 (USA 147) 
1 25991U 99067A   22189.87707910  .00000087  00000+0  66552-4 0  9990
2 25991  99.0526 181.8193 0011017 124.4135 297.2846 14.16549912166801
METEOSAT-8 (MSG-1)      
1 27509U 02040B   22189.75204146  .00000142  00000+0  00000+0 0  9995
2 27509   8.0745  50.5414 0000659   6.3259 182.0222  1.00265937 72822
DMSP 5D-3 F16 (USA 172) 
1 28054U 03048A   22190.20761574 -.00000015  00000+0  16164-4 0  9998
2 28054  98.9883 181.1304 0006236 254.6100 293.6863 14.13675633966095
NOAA 18                 
1 28654U 05018A   22189.87816514  .00000118  00000+0  87524-4 0  9990
2 28654  98.9483 260.2966 0013139 270.6000  89.3666 14.12750569883008
METEOSAT-9 (MSG-2)      
1 28912U 05049B   22189.82463316  .00000136  00000+0  00000+0 0  9993
2 28912   6.0650  66.1708 0001903   0.3483 202.7387  1.00273954 60602
EWS-G1 (GOES 13)        
1 29155U 06018A   22189.82774646  .00000053  00000+0  00000+0 0  9999
2 29155   0.6514  96.8643 0003980  84.4144 104.6102  1.00270314 28946
DMSP 5D-3 F17 (USA 191) 
1 29522U 06050A   22190.22401817 -.00000012  00000+0  16412-4 0  9991
2 29522  98.7657 204.8707 0009501 192.9764 167.1166 14.14102488808989
FENGYUN 3A              
1 32958U 08026A   22190.18969200  .00000045  00000+0  41708-4 0  9994
2 32958  98.5035 151.9344 0008094 327.6289  32.4390 14.18726310731414
FENGYUN 2E              
1 33463U 08066A   22189.74344279 -.00000196  00000+0  00000+0 0  9996
2 33463   5.9504  65.1995 0002843  10.3515 205.3323  1.00277657 49658
NOAA 19                 
1 33591U 09005A   22190.16523956  .00000131  00000+0  96016-4 0  9996
2 33591  99.1462 224.7566 0014829 125.0139 235.2426 14.12585286691519
GOES 14                 
1 35491U 09033A   22189.57943899 -.00000078  00000+0  00000+0 0  9997
2 35491   0.3662  95.2436 0012982 114.9287 180.2692  1.00272613 47678
METEOR-M 1              
1 35865U 09049A   22190.20346223  .00000050  00000+0  41533-4 0  9999
2 35865  98.5291 159.9733 0002827 138.7952 221.3440 14.22342740664780
DMSP 5D-3 F18 (USA 210) 
1 35951U 09057A   22189.92329696  .00000181  00000+0  11873-3 0  9994
2 35951  98.7227 168.7810 0011790  31.3254 328.8619 14.13521985656167
GOES 15                 
1 36411U 10008A   22189.71820771  .00000069  00000+0  00000+0 0  9992
2 36411   0.3387 101.3775 0002391  20.0825 295.2757  1.00273369 45236
COMS 1                  
1 36744U 10032A   22189.84108810 -.00000332  00000+0  00000+0 0  9999
2 36744   1.1237  92.5206 0001061  13.0894 252.0850  1.00272047 36652
FENGYUN 3B              
1 37214U 10059A   22190.14190051 -.00000060  00000+0 -70923-5 0  9990
2 37214  99.0910 196.5002 0021255 295.6994  64.1997 14.14258386604029
SUOMI NPP               
1 37849U 11061A   22190.13377194  .00000009  00000+0  25005-4 0  9993
2 37849  98.7331 128.3858 0001108  89.1638  38.4085 14.19532247554262
FENGYUN 2F              
1 38049U 12002A   22189.84618991 -.00000347  00000+0  00000+0 0  9990
2 38049   3.8413  79.5438 0002364  11.8844 252.0783  1.00267323 38442
METEOSAT-10 (MSG-3)     
1 38552U 12035B   22189.81741021  .00000074  00000+0  00000+0 0  9999
2 38552   1.5517  42.3756 0000649  84.5767 103.4295  1.00277236 36424
METOP-B                 
1 38771U 12049A   22190.17161851  .00000043  00000+0  39487-4 0  9997
2 38771  98.6944 249.6019 0001306  61.4192  31.5207 14.21493947508816
FENGYUN 3C              
1 39260U 13052A   22189.89371061  .00000018  00000+0  30189-4 0  9991
2 39260  98.4521 216.9214 0010394 207.4925 152.5703 14.15929953454950
METEOR-M 2              
1 40069U 14037A   22190.08528002 -.00000009  00000+0  14931-4 0  9994
2 40069  98.4299 206.9029 0004419 258.1674 101.9018 14.20712418414932
HIMAWARI-8              
1 40267U 14060A   22189.77189160 -.00000263  00000+0  00000+0 0  9991
2 40267   0.0131 100.4967 0000821 355.4534 249.2923  1.00270858 28320
FENGYUN 2G              
1 40367U 14090A   22189.76360756 -.00000290  00000+0  00000+0 0  9996
2 40367   1.9865  89.2898 0001316 297.1790 274.3033  1.00283603 27566
METEOSAT-11 (MSG-4)     
1 40732U 15034A   22189.81566622  .00000015  00000+0  00000+0 0  9991
2 40732   0.3300  61.2009 0001709  68.2927  91.4004  1.00281267 25599
ELEKTRO-L 2             
1 41105U 15074A   22189.88440442 -.00000105  00000+0  00000+0 0  9999
2 41105   3.0406  87.8846 0002231  53.4423  89.3533  1.00270883 24080
HIMAWARI-9              
1 41836U 16064A   22189.91536088 -.00000262  00000+0  00000+0 0  9990
2 41836   0.0225 299.9122 0001258 179.8236 277.3683  1.00273473 20879
GOES 16                 
1 41866U 16071A   22189.80058053 -.00000235  00000+0  00000+0 0  9990
2 41866   0.0559 228.7327 0000669 264.4626   6.5339  1.00270934 20686
FENGYUN 4A              
1 41882U 16077A   22190.19287206 -.00000316  00000+0  00000+0 0  9992
2 41882   0.0341  42.2055 0003663  85.3950 333.5638  1.00266638 20554
CYGFM05                 
1 41884U 16078A   22189.37849983  .00001836  00000+0  93710-4 0  9991
2 41884  34.9567  71.5016 0015985 278.2564  81.6336 15.16412662307969
CYGFM04                 
1 41885U 16078B   22189.75227287  .00001983  00000+0  99581-4 0  9996
2 41885  34.9500  58.2872 0014369 297.5208  62.4043 15.16945615308066
CYGFM02                 
1 41886U 16078C   22189.80830638  .00001930  00000+0  96866-4 0  9998
2 41886  34.9592  60.1524 0015087 292.3737  67.5377 15.16984541308159
CYGFM01                 
1 41887U 16078D   22189.77818145  .00001879  00000+0  96336-4 0  9998
2 41887  34.9534  71.4380 0016443 281.0518  78.8344 15.16222226307973
CYGFM08                 
1 41888U 16078E   22189.82206524  .00002005  00000+0  10145-3 0  9992
2 41888  34.9505  63.7167 0015550 292.5957  67.3109 15.16673143308118
CYGFM06                 
1 41889U 16078F   22189.72260325  .00001857  00000+0  93260-4 0  9995
2 41889  34.9586  59.3638 0014101 291.6357  68.2853 15.16998684308089
CYGFM07                 
1 41890U 16078G   22189.77372084  .00001883  00000+0  94701-4 0  9998
2 41890  34.9524  57.8859 0013882 296.2611  63.6674 15.16931819308076
CYGFM03                 
1 41891U 16078H   22189.77245837  .00001896  00000+0  95424-4 0  9991
2 41891  34.9556  58.3726 0013397 294.2564  65.6748 15.16925062308063
FENGYUN 3D              
1 43010U 17072A   22190.06666913  .00000016  00000+0  28734-4 0  9990
2 43010  98.8165 134.5601 0001731 161.6707 198.4532 14.19211821240836
NOAA 20                 
1 43013U 17073A   22190.14406391  .00000023  00000+0  31626-4 0  9997
2 43013  98.7170 128.3599 0001329  66.1799 293.9516 14.19560477240303
GOES 17                 
1 43226U 18022A   22189.78802368  .00000111  00000+0  00000+0 0  9995
2 43226   0.0751 247.0327 0000607 191.0815 355.0411  1.00268347 15988
FENGYUN 2H              
1 43491U 18050A   22189.80678925 -.00000118  00000+0  00000+0 0  9991
2 43491   1.1998  96.7550 0004328  33.8939 165.9241  1.00271533 15001
METOP-C                 
1 43689U 18087A   22190.19043351  .00000038  00000+0  37465-4 0  9993
2 43689  98.6826 249.8162 0002393   4.5338 355.5860 14.21494080190390
GEO-KOMPSAT-2A          
1 43823U 18100A   22189.98459800 -.00000331  00000+0  00000+0 0  9991
2 43823   0.0333 154.6701 0002160 299.1653 315.7791  1.00273030 13237
METEOR-M2 2             
1 44387U 19038A   22189.79772185 -.00000019  00000+0  10976-4 0  9992
2 44387  98.7236 150.4063 0000972 157.2175 202.9055 14.23713550156442
FENGYUN 3E              
1 49008U 21062A   22189.93729866 -.00000040  00000+0  14975-5 0  9999
2 49008  98.7105 191.5571 0000816 318.0827  42.0292 14.19733619 52365
GOES 18                 
1 51850U 22021A   22189.78828528  .00000110  00000+0  00000+0 0  9996
2 51850   0.0560 111.4559 0002149  97.0165 225.1586  1.00266762  1349
